map(r(6 7 7 7 7 7 7 7 7 e 7 7 7 7 7 7 7 7 7 7 7 6)
	r(6 1 1 1 0 0 0 0 3 e 0 0 0 0 0 0 0 0 0 0 0 6)
	r(6 1 1 1 1 1 1 1 1 2 0 0 0 0 0 0 0 1 0 0 0 6)
	r(6 1 1 1 1 1 a d h k 2 1 0 0 0 0 1 1 1 0 0 6)
	r(6 1 1 1 1 1 b f i l 2 1 0 0 0 1 1 1 1 1 0 6)
	r(6 1 1 1 1 1 c g j m 2 0 0 0 1 1 1 1 1 1 1 6)
	r(6 1 1 1 1 1 0 s 3 0 0 0 1 1 0 1 1 1 1 1 0 6)
	r(6 1 1 1 1 1 3 3 0 0 0 0 1 1 0 0 1 1 1 0 0 6)
	r(6 1 1 1 1 1 0 0 0 0 0 1 0 0 0 0 0 1 0 0 0 6)
	r(6 1 1 1 1 1 1 0 0 0 0 0 0 0 0 0 0 0 0 0 0 6)
	r(6 1 1 1 1 1 1 0 0 0 0 0 0 0 0 1 1 0 0 0 0 6)
	r(6 1 1 1 1 1 0 0 0 0 0 0 0 0 0 1 1 0 0 0 0 6)
	r(6 1 0 0 1 0 0 0 0 0 1 1 0 0 0 0 0 0 1 1 1 6)
	r(6 0 0 0 0 0 0 0 1 1 1 1 0 0 0 0 0 1 1 1 1 6)
	r(6 8 8 8 8 8 8 8 8 8 8 8 8 8 8 8 8 8 8 8 8 6)
	r(6 6 6 6 6 6 6 6 6 6 6 6 6 6 6 6 6 6 6 6 6 6))
